    0.6168     0.3604     0.3908     0.2398          0          0          0      7.791     0.8154      8.606        256        256          4
    0.6912      0.445     0.5037      0.316          0          0          0      12.49     0.9369      13.43        384        384          4
    0.7429     0.4938     0.5732     0.3655          0          0          0      19.22      1.021      20.24        512        512          4
    0.7432     0.5436     0.6233     0.4042          0          0          0      26.69      1.016       27.7        640        640          4
    0.7107     0.5903     0.6449     0.4224          0          0          0      37.58       1.09      38.67        768        768          4
    0.7128     0.6194     0.6624     0.4345          0          0          0      51.08      1.218       52.3        896        896          4
    0.7576     0.5988     0.6714     0.4417          0          0          0      63.91      1.232      65.14       1024       1024          4
    0.7405     0.6038     0.6703     0.4422          0          0          0      78.34      1.261       79.6       1152       1152          4
    0.7267     0.5916     0.6553      0.431          0          0          0      95.71      1.177      96.89       1280       1280          4
    0.7109     0.5945     0.6479     0.4275          0          0          0        116        1.1      117.1       1408       1408          4
     0.728     0.5689     0.6387      0.417          0          0          0      152.2      1.074      153.3       1536       1536          4
